8
2 4 6 4 7 2 4 4
5 5 7 4 7 2 5 5
5 4 3 2 2 4 7 4
7 7 5 2 2 7 2 2
4 7 6 3 7 5 3 4
5 6 2 6 7 4 6 7
5 7 2 7 7 6 2 6
5 7 2 7 7 3 5 7

19 16 18 16 17 11 10 12
16 20 14 15 13 12 10 19
15 19 20 19 13 13 17 15
15 10 14 10 19 18 13 10
18 18 17 17 16 19 20 14
20 12 12 16 17 16 12 18
18 14 12 18 14 14 20 10
16 14 20 17 13 18 19 11

2 1 2 2 1 2 2 2
1 2 1 2 1 1 2 1
1 2 2 1 2 1 1 2
2 1 1 2 2 1 2 2
1 2 2 2 1 1 1 1
2 1 1 1 1 1 2 2
2 2 2 2 2 1 2 1
1 2 2 2 2 1 2 2

40 31 30 36 31 31 31 37
36 35 34 38 40 31 35 37
38 30 31 31 40 31 36 38
33 34 32 40 33 39 36 32
36 35 30 38 35 39 31 40
39 38 36 30 37 34 38 30
40 35 32 32 33 31 39 38
33 38 34 32 31 33 31 30

